kinematics:
  shoulder:
    x: 0
    y: 0
    z: 0.16245239814415757
    roll: -0
    pitch: 0
    yaw: -7.8269679928272273e-08
  upper_arm:
    x: 0.00015080501254494146
    y: 0
    z: 0
    roll: 1.5701384593064296
    pitch: 0
    yaw: 5.3503049304361196e-07
  forearm:
    x: -0.42529745999942026
    y: 0
    z: 0
    roll: 3.141313325510557
    pitch: 3.1402445888421266
    yaw: 3.1415918759517805
  wrist_1:
    x: -0.39227268244103497
    y: -5.137942850461763e-05
    z: 0.1338705375652065
    roll: 0.00038379935508086037
    pitch: 0.00088883145310971444
    yaw: 1.2835880636495662e-06
  wrist_2:
    x: 0.00012166724196630054
    y: -0.099752544327900469
    z: 6.5308138852085908e-05
    roll: 1.5701416254039595
    pitch: 0
    yaw: 6.4333200976499083e-08
  wrist_3:
    x: 1.1321854680643936e-05
    y: 0.099510806052155232
    z: 9.5546642392552086e-05
    roll: 1.5717564899854204
    pitch: 3.1415926535897931
    yaw: -3.1415925818592254
  hash: calib_12788084448423163542
